373
459
856
1187
1620
1632
1635
1641
1920
1947
2033
2334
2538
2577
2720
2816
2876
2938
2975
3032
3138
3405
3534
3614
3682
3722
3851
3901
3912
4202
4260
4283
4306
4318
4335
4460
4571
4573
4640
4692
4693
4778
4801
5181
5259
5321
5325
5593
5751
5772
5841
5878
5919
6044
6318
6473
6564
6625
6814
6848
6951
7134
7402
7535
7595
7599
8133
8270
8281
8325
8419
8554
8784
8973
9029
9268
9384
9466
9487
9527
9665
9725
9734
9908
9923
9997
10020
10387
10415
10504
10527
10538
10787
10925
10933
11119
11121
11198
11251
11349
11370
11580
11590
11609
11688
11719
11831
11933
12106
12170
12198
12255
12388
12400
12444
12646
12935
13020
13176
13311
13323
13404
13489
13515
13557
13635
13638
13726
13727
13746
13771
13794
13832
14078
14140
14174
14189
14242
14305
14463
14678
14706
14709
14992
15024
15138
15219
15325
15347
15391
15634
15687
15716
15770
15841
15936
16092
16139
16318
16504
16540
16550
16624
16740
16803
16816
16951
16963
17097
17273
17367
17414
17443
17772
17795
17922
17929
17951
18208
18310
18333
18493
18791
18974
19125
19231
19255
19274
19333
19429
19446
19447
19817
19824
19846
20240
20338
20521
20651
20655
20695
20826
21218
21384
21394
21467
21729
21877
21887
21893
21961
22047
22067
22098
22100
22433
22439
22616
22684
22706
22808
22911
23487
23513
23701
23712
23934
24246
24319
24354
24398
24545
24551
24687
24965
25061
25158
25500
25670
25817
25836
26005
26063
26367
26407
26595
26789
26818
26865
26902
26903
26915
27041
27096
27271
27284
27287
27299
27499
27520
27603
27614
27632
27633
27682
27786
27790
27833
27955
27975
27982
28233
28237
28243
28359
28438
28464
28526
28582
28591
28992
29177
29325
29354
29359
29455
29506
29573
29613
29665
30201
30478
30544
30624
30991
31028
31202
31511
31781
31916
31934
31960
32244
32303
32570
32610
32648
32909
32912
32998
33038
33110
33255
33301
33350
33486
33505
33585
33668
33732
34413
34448
34637
34638
34848
34923
34925
34998
35011
35278
35683
35900
36204
36654
36741
36763
36925
36983
36999
37013
37228
37231
37687
37714
37814
37826
37995
38109
38162
38245
38267
38291
38329
38335
38361
38386
38417
38550
38689
38770
39096
39292
39346
39514
39584
39708
39744
39852
39979
40105
40309
40492
40740
40760
40806
40893
41058
41190
41241
41288
41351
41409
41548
41680
41694
41790
41934
42187
42280
42399
42653
42780
42803
42829
42845
42945
43243
43581
43655
43709
43767
43795
43830
43961
44120
44121
44138
44144
44147
44211
44327
44339
44416
44452
44587
44616
44929
45162
45168
45482
45549
45590
45633
45651
45723
45898
46320
46369
46418
46433
46448
46513
46540
46558
46573
46593
46674
47112
47114
47137
47387
47478
47495
47598
47647
47686
47732
47887
47916
47966
47996
48218
48703
48824
48864
48875
49024
49126
49152
49321
49379
49403
49478
49564
49681
49845
49998
50112
50224
50237
50255
50307
50376
50399
50462
50512
50565
50591
50664
50694
50739
50801
50855
50935
51201
51286
51623
51810
51865
52027
52282
52436
52583
52754
52875
52985
53016
53118
53140
53142
53171
53207
53379
53395
53697
53732
53859
53897
53904
54200
54209
54225
54341
54469
54618
54719
54723
54782
54816
54852
54917
55121
55189
55293
55356
55400
55485
55827
55853
55860
56046
56271
56367
56416
56516
56529
56594
56828
56908
57181
57339
57437
57448
57486
57603
57654
57685
57771
58056
58159
58359
58608
58661
58815
58870
59046
59092
59241
59315
59381
59382
59421
59494
59608
59706
59946
60072
60319
60530
60616
60765
61201
61283
61366
61428
61436
61498
61532
61756
61833
62074
62076
62165
62205
62627
62654
62876
63018
63042
63064
63093
63348
63432
63526
63568
63576
63595
63769
64023
64102
64124
64264
64332
64345
64612
64614
64631
64777
64847
64852
64897
65073
65098
65140
65272
65335
65384
65394
65395
65468
65470
65503
65572
65584
65751
65808
65839
65929
65947
66030
66136
66140
66290
66345
66423
66558
66567
66689
66871
66916
66974
67065
67168
67197
67224
67307
67437
67542
67615
67874
67949
67993
68003
68069
68147
68245
68390
68412
68456
68483
68528
68702
68732
68776
68839
69102
69245
69303
69672
69844
69859
69956
70248
70351
70492
70508
70706
70774
70822
70871
70962
71072
71089
71092
71523
71615
72035
72203
72223
72251
72302
72378
72391
72469
72643
72709
72778
72885
73039
73096
73120
73230
73349
73462
73588
73687
73795
73824
74087
74182
74197
74311
74345
74583
74776
74954
74991
74993
75024
75057
75195
75272
75340
75376
75401
75584
75749
75852
75958
75967
76142
76150
76336
76385
76470
76625
76631
76666
76670
76704
76851
76943
76970
77199
77278
77319
77497
77542
77604
77690
77879
77943
78049
78204
78256
78267
78390
78413
78538
78613
78642
78652
78670
78867
78889
78916
78941
79046
79095
79347
79471
79544
79710
80118
80133
80174
80608
80652
80689
80697
80773
81050
81128
81140
81512
81611
81691
81711
81771
81892
81895
81979
82004
82093
82212
82471
82480
82648
82674
82873
82889
82924
82952
82953
82976
83173
83249
83459
83561
83713
83803
84067
84074
84076
84392
84653
84720
84754
84793
84821
84878
85108
85202
85340
85448
85495
85548
85624
85670
85923
85987
86067
86155
86438
86880
86931
87247
87290
87331
87582
87612
87806
87830
88146
88215
88326
88394
88397
88511
88822
88888
88981
89142
89223
89248
89294
89420
89471
89474
89485
89572
89593
89609
89778
89802
89983
90228
90266
90307
90491
90523
90589
90732
90826
91018
91031
91213
91223
91322
91387
91529
91580
91582
91706
91744
91903
91926
91962
92060
92166
92224
92311
92323
92435
92473
92802
92846
92886
93028
93044
93103
93266
93338
93593
93608
93675
93868
93934
94021
94224
94251
94260
94301
94304
94334
94420
94485
94725
94729
94833
94924
95195
95418
95581
95603
95618
95643
95665
95922
95942
96169
96195
96209
96350
96582
96690
96976
97069
97090
97347
97577
97663
97683
97851
97881
97956
98181
98201
98266
98473
98682
98706
98971
99046
99072
99101
99138
99233
99290
99447
99451
99500
99555
99568
99635
99729
99740
99798
99815
100462
100500
100655
100805
100818
100979
101047
101248
101446
101586
101727
101959
101998
102238
102263
102328
102420
102445
102544
102648
102737
102867
102954
102967
103011
103069
103115
103154
103318
103393
103587
103609
103688
103718
103935
103951
103987
104112
104155
104267
104624
104838
105044
105054
105240
105316
105396
105584
105675
105863
105922
105933
105974
106088
106159
106267
106315
106326
106607
106652
106941
106989
107282
107293
107358
107385
107422
107526
107623
107635
107654
107705
107787
107809
107905
108108
108256
108524
108525
108689
108925
109124
109158
109164
109219
109262
109333
109353
109481
109527
109685
109826
109858
109906
109926
109943
109945
109971
110007
110070
110144
110232
110251
110303
110451
110520
110684
110736
110813
111079
111095
111520
111621
111749
111752
111824
111835
111838
111896
111981
112021
112102
112173
112238
112335
112774
112992
113023
113047
113081
113238
113251
113279
113369
113660
113674
113909
113920
114120
114187
114555
114759
114805
115334
115376
115410
115411
115460
115485
115645
115829
115875
115917
115951
116023
116092
116342
116536
116551
116620
116846
116916
116961
116972
117005
117152
117166
117372
117387
117389
117422
117494
117522
117561
117614
117692
117699
117713
117830
117927
117973
118113
118162
118286
118328
118374
118530
118699
118739
118741
118880
118930
118992
119285
119352
119362
119473
119655
119672
119675
119702
119754
119773
119850
120236
120303
120324
120334
120336
120720
121099
121156
121252
121280
121311
121319
121485
121563
121635
121808
122194
122323
122333
122682
122764
122949
123091
123096
123191
123215
123225
123239
123438
123466
123498
123557
123582
123755
123782
123821
123825
123850
123853
123865
123872
123887
123986
124088
124095
124252
124374
124579
124734
124772
124800
124929
124944
124970
124983
125024
125112
125278
125532
125640
125746
125855
125862
125939
126145
126302
126311
126377
126383
126521
126562
126589
126712
126728
126746
126967
127018
127355
127535
127558
127581
127639
127698
127769
127816
127914
127954
128017
128019
128027
128229
128300
128323
128525
128652
128728
128850
129136
129211
129271
129339
129453
129600
129674
129754
129874
130245
130649
130755
130960
131015
131061
131074
131104
131139
131214
131241
131401
131458
131514
131578
131620
131738
132244
132305
132452
132520
132538
132695
132696
132724
132865
132974
132976
133009
133171
133179
133230
133257
133278
133306
133368
133506
133511
133539
133851
133880
134167
134176
134228
134269
134321
134385
134734
134828
134909
134971
135312
135404
135603
135676
135833
135875
135907
135998
136038
136142
136277
136331
136412
136446
136523
136661
136669
136825
137124
137250
137275
137343
137687
137760
137876
137981
138042
138114
138191
138198
138355
138617
138646
138749
138809
138820
138919
139009
139245
139247
139299
139738
140143
140154
140155
140157
140185
140283
140289
140569
140608
140678
140687
140872
140892
140971
141171
141193
141331
141436
141734
141862
141935
141940
142200
142366
142386
142410
142423
142443
142726
142746
142912
142920
143072
143107
143237
143239
143468
143543
143600
143632
143636
143697
143762
143886
144083
144106
144175
144453
144458
144467
144699
144712
144754
144873
144897
144969
145101
145233
145301
145366
145399
145515
145614
145619
145771
145832
145901
146250
146253
146419
146579
146754
146773
146790
146876
146908
146924
147306
147380
147395
147486
147531
147669
147706
147762
147803
147830
148183
148196
148306
148336
148447
148471
148485
148562
148732
148842
149086
149152
149237
149383
149384
149413
149437
149445
149582
149604
149774
149814
149989
150110
150123
150164
150522
150536
150723
150770
150930
151004
151139
151143
151191
151314
151648
151797
152034
152165
152187
152399
152675
152819
153012
153120
153246
153321
153654
153796
154019
154042
154068
154107
154190
154269
154422
154522
154772
154793
154802
154859
155055
155059
155278
155304
155433
155532
155632
155659
155680
155729
156022
156086
156164
156166
156223
156270
156300
156311
156328
156365
156466
156535
156702
156708
156929
157005
157198
157362
157491
157687
157797
157857
157869
157879
157998
158037
158215
158228
158302
158353
158432
158463
158519
158703
158736
158769
158829
158840
158862
158975
159109
159111
159145
159240
159418
159457
159560
159632
159682
160019
160290
160323
160424
160468
160571
160648
160782
160812
160818
161223
161307
161338
161421
161637
161678
161740
161762
161919
162027
162112
162302
162361
162401
162543
162631
162723
162908
162945
162990
163115
163438
163455
163497
163622
163661
163734
163853
164070
164078
164118
164365
164478
164596
164630
164780
164798
165008
165061
165135
165207
165223
165251
165452
165589
165659
165936
165948
166254
166272
166277
166289
166291
166476
166516
166541
166812
166826
166963
167002
167009
167165
167219
167270
167363
167420
167491
167512
167613
167721
167733
167841
167905
167908
168143
168239
168760
168788
168878
168881
168884
168897
168905
169298
169325
169345
169533
169653
169715
170131
170144
170307
170394
170422
170473
170557
170884
170995
171070
171110
171156
171227
171240
171249
171366
171631
171670
171687
171713
171740
171798
171929
172059
172142
172326
172419
172452
172502
172526
172587
172885
172961
173123
173148
173566
173668
173670
173820
173865
173879
174024
174074
174120
174288
174306
174377
174435
174450
174508
174645
174698
174708
174752
174814
174832
174859
174912
174959
175318
175330
175397
175422
175614
175779
176007
176102
176569
176663
176788
177006
177109
177235
177300
177438
177487
177545
177556
177575
177614
177618
177624
178111
178168
178170
178237
178240
178367
178465
178504
178570
178833
179005
179097
179172
179221
179241
179275
179420
179422
179440
179554
179563
179746
179750
179787
179925
180250
180257
180499
180770
180991
181068
181513
181653
181661
181874
182054
182160
182329
182371
182425
182431
182601
182663
182789
182814
182880
183084
183168
183479
183551
183556
183685
183813
183819
183893
183981
184039
184105
184342
184511
184558
184812
184852
185068
185177
185260
185275
185319
185324
185387
185403
185475
185656
185709
185798
185812
185919
186009
186084
186153
186155
186234
186435
186481
186490
186508
186756
187131
187320
187606
187635
187746
188083
188188
188363
188375
188521
188544
188571
188583
188657
188927
189003
189121
189150
189257
189275
189375
189391
189583
189712
189977
190031
190033
190089
190218
190221
190406
190421
190451
190556
190633
190648
190655
190734
190748
190791
190857
190873
191088
191137
191161
191220
191246
191318
191421
191423
191576
191621
191661
191676
191764
191770
191855
192025
192079
192110
192124
192197
192215
192319
192377
192387
192500
192510
192559
192718
192769
192771
192782
192809
192874
192925
192955
193023
193065
193171
193242
193271
193294
193295
193366
193407
193488
193538
193595
193708
193717
194079
194202
194433
194440
194640
194753
194912
194984
195066
195153
195179
195249
195515
195558
195683
195878
195879
196056
196443
196463
196521
196624
196644
196663
196846
197014
197161
197291
197304
197339
197389
197509
197525
197595
197787
197862
197961
198003
198204
198271
198349
198388
198541
198583
198622
198637
198644
198691
198860
198862
198863
198924
198960
199047
199276
199408
199422
199442
199452
199454
199460
199614
199639
199655
199725
199844
199917
199939
199990
200001
200042
200047
200049
200161
200373
200503
200562
200598
200631
200736
200829
200897
201104
201138
201224
201437
201540
201613
201716
201764
201817
201823
201938
202076
202111
202271
202275
202380
202459
202580
202619
202816
202980
203071
203101
203187
203363
203386
203446
203460
203466
203494
203677
203871
203881
203950
203993
204048
204112
204278
204386
204424
204455
204546
204702
205170
205186
205256
205318
205492
205785
205809
205999
206166
206405
206420
206510
206552
206868
207090
207145
207373
207534
207686
207716
207717
207977
208022
208026
208086
208097
208100
208148
208192
208198
208363
208665
208702
208837
208848
208944
209011
209044
209107
209371
209431
209649
209664
209793
209848
209852
209886
210010
210076
210119
210159
210363
210375
210444
210606
210684
210718
210867
210891
210988
211145
211167
211234
211320
211325
211702
211758
212071
212352
212450
212455
212485
212548
212554
212561
212580
212663
212740
212948
213162
213313
213556
213802
213948
213961
214013
214023
214030
214046
214076
214181
214197
214308
214778
214879
214900
214977
215079
215090
215106
215455
215794
215867
215995
216070
216324
216330
216548
216613
216706
216773
216823
216834
216971
217334
217389
217456
217570
217595
217816
217834
218115
218212
218354
218473
218514
218544
218706
218891
218952
219018
219026
219118
219199
219211
219264
219608
219689
219735
219755
219816
220125
220180
220455
220539
220637
220724
220734
221045
221115
221324
221336
221355
221403
221527
221860
221879
222022
222096
222155
222348
222664
222765
222943
222968
222997
223180
223337
223497
223577
223603
223631
223714
223846
224183
224432
224546
224603
224685
224776
224949
225043
225066
225246
225717
225730
225942
226022
226197
226280
226294
226305
226319
226400
226442
226465
226511
226580
226623
226740
226759
226938
226974
226994
227078
227096
227116
227219
227318
227514
227544
227561
227612
227656
227658
227672
227914
227968
227994
228086
228427
228652
228707
229023
229145
229243
229302
229444
229449
229815
229839
229990
230158
230162
230507
230705
230706
230878
230913
230971
231092
231330
231444
231467
231708
231777
232010
232314
232401
232427
232495
232562
232606
232656
232742
232756
232798
232808
232878
232881
232909
232938
233036
233056
233276
233374
233384
233449
233465
233515
233572
233585
234069
234123
234179
234383
234416
234483
234635
234688
234858
234881
234927
235042
235114
235341
235422
235467
235566
235666
235813
235822
235933
236260
236287
236295
236376
236445
236573
236585
236729
236806
236889
236898
236931
236985
237065
237270
237336
237341
237406
237459
237523
237586
237607
237835
237964
238455
238495
238646
238852
238941
239058
239070
239148
239174
239220
239229
239360
239406
239428
239456
239466
239478
239659
239687
239884
239931
240014
240065
240181
240213
240234
240260
240301
240469
240593
240624
240650
240666
240674
240786
240922
240951
241052
241066
241196
241639
242068
242120
242327
242355
242416
242615
242685
242722
242757
242867
242924
243068
243082
243134
243259
243290
243430
243661
244071
244092
244107
244154
244659
244666
244841
244843
244931
244979
245009
245028
245031
245032
245079
245142
245166
245292
245312
245381
245448
245636
245711
245746
245757
245821
245850
245933
246263
246269
246496
246788
247081
247150
247287
247494
247530
247536
247551
247568
247593
247644
247861
247978
247995
248273
248384
248417
248435
248469
248624
248797
248934
249011
249077
249243
249394
249595
249738
249744
249771
249884
249942
249974
250219
250268
250490
250620
250702
250773
250839
250856
250910
251000
251097
251654
251913
251967
252051
252155
252491
252492
252620
252678
252708
252731
252738
252912
252938
253069
253100
253209
253236
253257
253301
253548
253576
253895
253913
253944
253948
253987
254293
254365
254618
254636
254682
254787
254811
254918
254940
255178
255297
255426
255447
255593
255908
255947
255969
256067
256318
256332
256397
256443
256495
256740
256828
257014
257091
257162
257318
257481
257507
257541
257590
258058
258127
258135
258186
258224
258258
258282
258377
258481
258488
258617
258717
258772
258912
258913
259014
259026
259079
259146
259236
259258
259320
259400
259558
259668
259859
259984
260009
260192
260358
260368
260431
260518
260602
260792
260934
261052
261268
261270
261491
261718
262071
262176
262209
262232
262245
262437
262498
262568
262623
262674
262679
262742
262861
262938
263068
263117
263201
263742
264010
264074
264098
264220
264423
264650
264730
264767
264816
264911
264931
265015
265133
265324
265420
265505
265721
265722
265745
265802
266073
266134
266243
266355
266513
266615
266681
266724
266864
266899
266915
266937
266943
267178
267327
267402
267457
267506
267631
267675
267704
267707
267790
267828
267830
268116
268213
268321
268530
268901
268998
269054
269291
269618
269642
269770
270274
270545
270572
270594
270681
270784
270950
271018
271192
271469
271673
271711
271891
271931
271995
272059
272096
272107
272209
272347
272428
272464
272704
272835
272837
272839
272856
273027
273062
273186
273249
273271
273289
273301
273332
273369
273457
273672
273719
273814
274351
274388
274435
274454
274472
274585
274801
274861
274873
274905
274945
275012
275202
275231
275244
275400
275462
275608
275612
275633
275676
275799
275868
275963
276071
276183
276330
276676
276773
276938
277064
277105
277176
277215
277230
277276
277301
277582
277681
277708
277711
277933
277992
278122
278204
278217
278326
278548
278620
278632
278755
278756
279042
279112
279133
279304
279363
279519
279525
279623
279875
279921
280223
280288
280888
280896
280904
281017
281203
281238
281273
281319
281399
281473
281584
281617
281657
281790
281840
281883
282007
282151
282185
282611
282823
282952
283205
283313
283636
283684
283763
283766
283777
283932
284029
284038
284149
284239
284461
284615
284758
284808
284889
284938
284977
285187
285188
285329
285350
285381
285423
285461
285603
285990
286106
286190
286201
286246
286375
286385
286401
286410
286429
286457
286720
286767
286895
286949
286965
287048
287162
287217
287377
287414
287425
287501
287537
287538
287554
287593
287863
287874
288045
288344
288380
288562
288613
288718
288883
288937
289096
289164
289395
289513
289624
289949
289957
290202
290217
290236
290252
290335
290337
290505
290676
290804
290998
291014
291015
291099
291182
291313
291483
291587
291995
292123
292277
292425
292564
292582
292895
293065
293088
293105
293266
293323
293474
293539
293574
293646
293678
293682
293843
293850
294014
294132
294473
294606
294659
294680
294852
294915
294953
294977
294995
295306
295339
295385
295425
295534
295781
295795
295800
295940
296046
296224
296544
296553
296624
296708
297043
297079
297108
297448
297489
297589
297590
297628
297631
297659
297663
297705
297751
297820
297868
297934
297957
298043
298176
298201
298208
298276
298377
298387
298392
298440
298446
298504
298514
298553
298692
298704
298783
298869
298934
299036
299129
299271
299815
299849
299860
300038
300231
300259
300526
300694
301016
301076
301209
301398
301401
301436
301660
301689
301755
301804
301872
302144
302233
302276
302301
302351
302625
302680
302772
302812
302837
302838
302882
302988
303335
303393
303412
303503
303528
303532
303640
303654
303733
303784
303916
303943
304124
304323
304336
304637
304867
304988
305304
305341
305599
305635
305698
305769
305868
305886
305987
306127
306245
306440
306479
306604
306785
306866
307016
307086
307109
307161
307259
307324
307491
307622
307734
307814
307872
307908
308065
308237
308388
308447
308476
308654
308860
308880
308908
309405
309413
309648
309657
309733
309927
309960
309997
310299
310376
310600
310601
310752
310859
310890
310917
310941
311044
311045
311075
311108
311296
311516
311637
311646
311657
311676
311862
311971
311992
312053
312075
312137
312163
312226
312313
312592
312731
312798
312804
312865
312942
312946
313106
313230
313327
313615
313773
313856
313930
314051
314065
314075
314079
314090
314536
314638
314682
314706
315033
315078
315099
315462
315548
315616
315884
315947
316027
316044
316091
316098
316128
316638
316814
316884
317135
317221
317394
317478
317484
317692
317723
318063
318104
318169
318374
318385
318832
319027
319094
319106
319206
319221
319295
319468
319498
319825
319899
319985
320008
320518
320587
320589
320712
320737
320808
320931
321014
321053
321103
321146
321259
321352
321483
322025
322076
322121
322243
322344
322438
322499
322582
322635
322681
322778
322871
322877
322882
322948
323030
323036
323254
323385
323403
323452
323503
323518
323662
323739
323780
323828
324151
324190
324253
324255
324272
324472
324512
324571
324597
324635
324734
324742
324743
324833
324836
325441
325572
325616
325778
325880
325986
325999
326090
326159
326212
326257
326281
326367
326394
326414
326438
326443
326503
326507
326528
326589
326595
326658
326694
326737
327023
327123
327233
327279
327321
327391
327427
327441
327586
327625
327674
327923
327933
328772
328818
328826
329114
329386
329448
329475
329555
329596
329629
329689
329720
329761
329930
329965
330100
330156
330379
330380
330382
330598
330713
330774
330785
330803
330931
331079
331118
331153
331194
331208
331583
331590
331870
331903
331978
332074
332374
332375
332403
332416
332729
332745
332756
332807
332934
333000
333154
333175
333387
333468
333602
333634
333949
334053
334226
334262
334268
334356
334369
334372
334661
334859
334922
335252
335264
335411
335502
335537
335580
335638
335748
335838
336008
336138
336259
336406
336601
336910
336975
336976
336979
337079
337285
337463
337703
337785
337796
337886
337967
338032
338040
338148
338196
338302
338304
338553
338669
338883
338910
338989
339038
339258
339553
339580
339714
339723
339868
339996
340063
340065
340088
340118
340150
340188
340258
340402
340457
340747
340795
340863
341057
341285
341442
341466
341764
341771
341825
341940
341959
341987
342058
342069
342159
342244
342291
342456
342519
342667
342896
343140
343228
343309
343454
343528
343652
343659
343661
343678
343775
344115
344227
344261
344313
344381
344638
344650
344724
344736
344910
344946
345145
345190
346211
346245
346269
346398
346617
346660
346747
346872
346916
347097
347301
347318
347339
347636
347923
348055
348264
348293
348678
348889
348918
348972
349025
349113
349148
349174
349211
349247
349275
349385
349390
349392
349429
349624
349662
349694
349932
350010
350018
350074
350100
350258
350408
350562
350610
350617
350944
351006
351400
351470
351588
351696
351698
351771
351772
351789
351912
352061
352159
352402
352509
352525
352710
352882
352964
353162
353191
353421
353755
353831
353900
354171
354182
354244
354549
354679
354699
354756
354773
355001
355046
355334
355419
355728
355775
355916
355979
356088
356133
356150
356267
356269
356493
356867
356880
356905
356930
357006
357127
357367
357419
357548
357608
357922
357946
357952
357985
358062
358092
358109
358314
358334
358399
358424
358455
358489
358612
358703
358988
359003
359026
359169
359182
359257
359767
359847
360149
360272
360453
360526
360600
360629
360677
360683
360809
360901
360962
361012
361049
361051
361053
361273
361286
361449
361515
361752
361998
362237
362325
362351
362481
362501
362623
362733
362963
362976
363031
363265
363389
363405
363472
363680
363771
363816
364032
364092
364141
364245
364252
364331
364413
364601
364647
364833
364999
365011
365012
365083
365311
365527
365850
365859
365888
365913
365976
366049
366074
366226
366713
366806
366953
366975
367094
367144
367257
367450
367611
367675
367710
367946
368068
368110
368582
368832
368876
368885
368886
369142
369292
369431
369464
369518
369522
369620
369662
369667
369681
369736
370754
370794
370877
370896
371018
371138
371460
371478
371492
371709
371781
371891
371959
372008
372048
372104
372110
372145
372364
372423
372514
372522
372599
372730
372748
373051
373095
373139
373253
373305
373312
373388
373459
373587
373698
373734
373825
373850
374086
374179
374182
374203
374287
374432
374682
374990
375064
375170
375224
375252
375419
375574
375671
375673
375723
375768
375982
376098
376100
376102
376167
376213
376378
376441
376481
376551
376671
376701
376719
376858
377185
377222
377297
377400
377433
377442
377460
377900
377939
378047
378108
378252
378256
378264
378381
378385
378417
378531
378812
378898
378900
378979
379053
379517
379634
380069
380097
380316
380351
380642
380655
380849
380877
381019
381159
381190
381284
381299
381399
381607
381623
381639
381718
381777
381782
381863
382360
382419
382966
382993
383067
383163
383171
383172
383189
383256
383348
383358
383377
383523
383627
383900
383973
383978
384031
384280
384322
384513
384514
384600
384654
384688
384772
384979
385053
385127
385225
385289
385368
385526
385532
385957
386067
386072
386209
386242
386505
386731
386822
386897
386916
387031
387242
387577
387667
387827
388067
388377
388592
388624
388805
388844
388954
389135
389145
389257
389584
389671
389729
389794
389885
390312
390372
390539
390572
390590
390629
390745
390844
391032
391413
391505
391564
391839
391869
392073
392089
392127
392182
392245
392249
392493
392567
392681
392859
392873
392877
392886
393067
393246
393342
393425
393728
393781
393807
393863
393880
393976
394003
394009
394061
394125
394159
394234
394384
394442
394467
394826
394966
395039
395120
395207
395218
395253
395279
395310
395339
395341
395379
395556
395589
395911
395998
396211
396293
396437
396467
396545
396567
396750
396767
397093
397136
397147
397158
397293
397510
397539
397596
397731
397779
397865
397980
398179
398276
398408
398608
398628
398756
398866
398874
398950
399091
399116
399140
399156
399429
399432
399461
399481
399560
399666
399805
399819
399843
399848
399920
399939
399947
400245
400310
400386
400414
400563
400573
400723
400755
400958
401046
401215
401217
401631
401660
401699
401751
401944
401983
402142
402165
402182
402267
402313
402335
402458
403094
403269
403390
403627
403842
403863
403903
403956
404035
404085
404150
404218
404265
404347
404419
404592
405022
405270
405343
405524
405738
405795
405837
406013
406153
406272
406373
406724
406783
406833
406846
406937
406958
407106
407271
407495
407748
407763
408167
408309
408377
408404
408416
408440
408527
408558
408574
408597
408739
408791
408978
409070
409131
409152
409185
409228
409264
409462
409465
409527
409555
409670
409806
409895
410090
410198
410386
410433
410573
410586
410676
410855
411437
411485
411568
411617
411714
411780
411933
412102
412260
412477
412518
412581
412648
412719
412781
412812
413165
413206
413351
413468
413612
413741
413778
413820
413922
414154
414227
414314
414384
414414
414440
414470
414508
414644
414753
414802
414938
414939
415117
415175
415352
415382
415458
415462
415798
415847
416033
416476
416584
416836
417075
417084
417193
417233
417236
417319
417498
417502
417517
417766
417889
417915
418150
418153
418213
418287
418513
418551
418583
418586
418645
418693
418759
418809
418997
419095
419193
419334
419378
419391
419411
419490
419590
419780
419934
420051
420074
420345
420467
420536
420720
420748
420756
420915
420964
421138
421154
421326
421522
421559
421572
421588
421665
421701
421757
421770
421891
422067
422269
422421
422513
422552
422620
422653
422698
422798
422896
422949
422984
423175
423280
423444
423674
423812
424072
424080
424227
424282
424307
424345
424398
424482
424525
424607
424652
424882
424923
424981
424997
425032
425114
425522
425532
425646
425740
425867
425938
425958
425977
426054
426075
426243
426311
426409
426411
426413
426512
426754
426866
426886
427040
427228
427238
427416
427444
427508
427761
427772
427917
428128
428239
428386
428466
428519
428536
428611
428635
429191
429228
429312
429613
429635
429682
429700
429765
429771
429990
430012
430115
430174
430261
430275
430278
430370
430389
430413
430561
430567
430664
430773
430852
430912
430996
431042
431058
431092
431145
431405
431551
431844
431868
432076
432202
432316
432343
432447
432637
432748
432768
432840
432955
432970
432989
433099
433144
433238
433393
433416
433940
433964
434007
434124
434251
434423
434531
434616
434904
434949
435331
435339
435416
435517
435673
435955
436040
436168
436355
436390
436409
436760
436895
436933
436961
436962
437074
437084
437103
437110
437391
437420
437423
437582
437585
437643
437791
437828
437829
437857
437911
437921
437929
438064
438180
438214
438250
438459
438562
438668
438721
439122
439128
439229
439267
439483
439557
439890
439913
439944
440146
440245
440342
440365
440608
440644
440722
441240
441271
441272
441444
441879
441886
442010
442345
442543
442602
442700
442717
442764
442793
442830
442938
443001
443094
443095
443150
443346
443422
443443
443607
443747
443762
443809
443816
444031
444192
444281
444810
444934
445002
445127
445356
445425
445450
445488
445550
445563
445568
445687
445864
445885
446031
446414
446436
446468
446558
446615
446684
446802
446807
446868
446872
446926
446937
447001
447043
447077
447282
447488
447575
447645
447675
447709
447725
447812
447993
447994
448022
448153
448185
448222
448296
448387
448423
448681
448685
448695
448792
448922
449075
449080
449220
449239
449569
449658
449696
449828
449980
450082
450156
450176
450273
450280
450346
450504
450942
450968
451274
451277
451547
451617
451666
451697
451732
451734
451794
451827
451864
451986
452036
452045
452379
452593
452611
452775
452857
453026
453029
453039
453147
453178
453321
453532
453583
453751
453988
454280
454285
454317
454325
454426
454439
454474
454855
455117
455208
455389
455411
455421
455429
455447
455473
455562
455588
455591
455839
455914
455942
456025
456030
456067
456163
456237
456286
456478
456542
456881
456980
457017
457107
457156
457196
457210
457348
457564
457574
457752
457798
457832
457927
458132
458202
458222
458269
458398
458664
458808
458817
458971
459101
459120
459496
459688
459801
459847
459946
460087
460238
460350
460409
460531
460583
460690
460726
460824
460878
460961
461142
461291
461332
461502
461562
461610
461623
461645
461672
461758
461805
461927
461936
462315
462349
462460
462473
462537
462541
462569
462684
462852
462925
463293
463471
463821
463971
464060
464198
464305
464650
465080
465372
465430
465512
465592
465625
465841
465895
465976
466346
466352
466477
466494
466702
466759
466882
466916
466981
467145
467168
467194
467347
467369
467480
468096
468388
468420
468463
468639
468688
468817
468851
468883
468904
469038
469052
469373
469460
469495
469514
469700
469711
469819
469886
470077
470195
470648
470684
470812
470863
470919
470920
470946
470977
471030
471065
471355
471448
471503
471556
471613
471632
471642
471736
471795
471873
471877
471912
472131
472152
472337
472418
472487
472528
472588
472605
472688
472703
472934
472958
473006
473010
473094
473214
473265
473324
473434
473476
473501
473546
473830
474071
474155
474323
474373
474407
474417
474428
474438
474502
474513
474741
474880
474897
474918
475068
475105
475119
475251
475296
475337
475424
475609
475664
475712
475983
476207
476405
476473
476687
476691
476822
476882
477153
477204
477231
477363
477379
477393
477449
477553
477656
477663
477736
477864
477918
477922
478068
478098
478173
478191
478212
478216
478301
478316
478414
478431
478449
478577
478602
478604
478636
478663
478665
478829
478834
478838
478961
479152
479159
479715
479764
479904
480027
480142
480350
480425
480488
480607
480623
480809
480856
480865
480884
480950
481025
481050
481089
481269
481422
481495
481637
481809
481992
482429
482487
482532
482601
482672
482815
482840
482931
483034
483092
483424
483432
483537
483691
483720
483804
483814
483897
483909
483949
484000
484300
484377
484450
484487
484578
484693
484829
484932
484987
484988
485099
485123
485669
485684
485840
485845
485906
485920
486171
486255
486361
486488
486620
486794
486974
487010
487036
487062
487081
487293
487452
487853
487908
487922
487968
488008
488056
488142
488212
488272
488319
488427
488831
488936
489106
489110
489302
489483
489516
489569
489636
489689
489903
489944
489974
490072
490163
490229
490239
490739
490775
491116
491137
491195
491397
491551
491963
492059
492079
492210
492220
492262
492334
492398
492427
492463
492500
492505
492509
492596
492673
492799
492822
492860
492906
492980
493010
493020
493127
493200
493222
493397
493552
493644
493674
493687
493867
493903
493939
494074
494078
494144
494170
494222
494294
494393
494458
494514
494528
494611
494674
494853
494866
495105
495152
495203
495365
495384
495551
495729
495839
495916
495965
495993
496135
496329
496434
496531
496644
496649
496786
496793
496797
496878
496919
496937
497093
497452
497483
497608
497610
497870
497913
498079
498094
498357
498432
498457
498473
498544
498646
498769
498781
498788
498844
498944
499022
499082
499104
499268
499325
499348
499598
499761
500038
500075
500176
500191
500219
500311
500356
500562
500677
500727
500763
500873
500878
500907
500962
501029
501061
501132
501139
501143
501215
501363
501508
501608
501681
501686
501971
502005
502067
502152
502282
502302
502319
502413
502523
502583
502646
502666
502692
502818
503091
503104
503223
503227
503277
503738
503770
503791
504238
504391
504432
504578
504836
505051
505446
505453
505478
505551
505669
505709
505736
505739
505901
506003
506114
506309
506353
506477
506641
506652
506843
506856
506867
506922
506997
507154
507164
507327
507374
507406
507473
507622
507629
507701
507811
507852
508006
508208
508935
508974
508986
509037
509178
509226
509248
509395
509461
509496
509619
509776
509894
509906
509981
510038
510134
510137
510179
510257
510367
510603
510604
510730
510934
510999
511228
511245
511350
511400
511415
511439
511513
511579
511651
511667
511786
511841
512061
512086
512161
512223
512265
512480
512676
512828
513113
513212
513235
513357
513447
513463
513575
513621
513659
513779
513841
513921
514043
514163
514325
514689
514700
514771
514879
514972
515015
515148
515195
515353
515457
515483
515506
515533
515540
515579
515582
515686
515687
515812
515909
516061
516264
516276
516314
516325
516414
516501
516525
516544
516674
516722
517009
517290
517367
517445
517514
517516
517597
517626
517847
517889
517911
517944
517973
518040
518103
518278
518417
518552
518591
518822
518930
519173
519225
519304
519417
519564
520490
520521
520619
520704
520822
520961
521080
521109
521231
521426
521435
521443
521447
521585
521645
521658
521740
521749
521794
522011
522031
522056
522075
522085
522116
522125
522183
522261
522267
522430
522531
522604
522647
522760
522928
522945
523016
523025
523203
523482
523491
523595
523603
523697
523728
524207
524226
524266
524417
524506
524603
524654
524701
524915
525061
525353
525373
525413
525618
525631
525837
526006
526072
526087
526122
526132
526197
526388
526430
526518
526539
526592
526771
526858
526948
526969
527010
527012
527056
527118
527161
527273
527483
527510
527556
527603
527636
527657
527702
527730
527818
527849
527856
527918
528070
528217
528247
528274
528288
528435
528499
528547
528801
528831
528858
528886
528944
529021
529416
529423
529458
529651
529688
529752
529766
529839
529905
530117
530225
530342
530477
530501
530517
530640
530734
530822
530976
530999
531267
531310
531416
531420
531545
531709
532120
532213
532578
532621
532648
532650
532747
532763
532880
533074
533164
533177
533181
533340
533471
533579
533772
533889
534148
534213
534366
534427
534469
534579
534652
534824
535036
535276
535423
535455
535601
535691
536039
536065
536147
536365
536403
536541
536585
536712
536878
536892
536900
536971
537001
537104
537186
537257
537262
537414
537467
537616
537689
537797
537824
537828
537884
537912
537980
538358
538386
538432
538464
538476
538534
538555
538715
538726
538767
538801
538927
538984
538985
539006
539095
539420
539645
539793
539823
539999
540274
540444
540522
540544
540551
540594
540725
541019
541253
541272
541280
541316
541567
541601
541762
541769
541827
541867
541955
542213
542224
542356
542575
542582
542856
542937
543164
543282
543442
543491
543659
543663
543668
543704
543710
543777
543881
543998
544036
544124
544130
544193
544225
544274
544287
544297
544479
544590
544741
544973
545068
545117
545180
545273
545369
545433
545436
545538
545701
545745
545942
546082
546090
546156
546234
546349
546428
546468
546639
546778
546840
546863
546969
547245
547259
547410
547420
547604
547615
547936
548096
548406
548444
548778
548806
548809
548825
548831
548867
548877
549265
549441
549447
549554
549594
549632
549684
549697
549899
549900
550274
550424
550440
550641
550707
550737
550821
550944
550966
551012
551084
551522
551527
551595
551628
551659
551863
551958
552079
552128
552131
552258
552294
552535
552537
552613
552752
552927
552951
553004
553201
553319
553323
553423
553473
553895
553919
553985
553996
554028
554255
554382
554421
554746
554784
554813
554836
554873
554945
554950
555103
555307
555315
555369
555615
555734
555836
555859
555915
555918
556058
556317
556416
556440
556523
556524
556657
556672
556923
556959
557027
557070
557085
557105
557151
557369
557574
557817
557825
557927
558005
558006
558053
558059
558179
558258
558278
558299
558441
558468
558481
558613
558659
558765
559014
559081
559191
559396
559424
559478
559532
559686
559739
559798
559906
560131
560171
560327
560403
560543
560587
560750
560909
561076
561243
561299
561339
561364
561486
561516
561565
561655
561682
561805
562157
562284
562334
562489
562510
562560
562702
563102
563155
563160
563230
563362
563448
563679
563840
564200
564368
564483
564511
564636
564674
565034
565055
565380
565392
565436
565993
566026
566079
566111
566152
566423
566537
566554
566598
566637
566660
566713
566817
566860
566865
566914
567167
567184
567317
567395
567405
567597
567834
567976
568049
568085
568114
568159
568383
568481
569013
569201
569239
569429
569598
569741
569833
569958
569998
570115
570264
570266
570364
570400
570443
570532
570611
570990
571109
571135
571169
571322
571375
571560
571578
571603
571780
571944
572001
572106
572113
572155
572334
572736
572757
572875
573269
573311
573333
573353
573536
573632
573683
573746
573781
573813
573873
573966
574049
574150
574160
574161
574631
574641
574769
574863
574899
574983
575127
575163
575355
575474
575537
575696
575755
575823
575875
575996
576038
576088
576101
576152
576165
576483
576615
576622
576673
576763
576855
576894
576991
577003
577023
577045
577073
577093
577121
577287
577421
577549
577880
577904
577947
578017
578030
578139
578257
578448
578591
578593
578772
578776
578842
578845
578898
579076
579116
579299
579346
579439
579476
579648
579904
579972
580313
580389
580394
580600
580611
580617
580653
580702
580778
580815
580817
580859
580860
580897
580906
581077
581131
581135
581167
581304
581358
581534
581578
581592
581663
581756
581892
581967
582090
582471
582642
582686
582760
582856
583142
583175
583256
583284
583817
583850
583911
584003
584100
584190
584244
584320
584831
584870
584906
585055
585090
585177
585615
585677
585681
585743
585966
586088
586114
586255
586271
586294
586343
586368
586382
586396
586411
586806
586892
586974
587018
587094
587123
587133
587434
587437
587489
587793
587794
587922
587967
588109
588174
588176
588217
588236
588280
588299
588415
588484
588500
588604
588614
588713
588772
588870
589053
589063
589395
589437
589496
589656
589673
589794
589833
589844
590388
590437
590455
590569
590652
590763
590868
590938
591023
591163
591342
591355
591455
591514
591600
591643
591653
591711
591729
591740
591769
591801
592051
592080
592162
592308
592426
592665
592916
593175
593497
593668
593688
593730
593792
594008
594061
594089
594161
594422
594636
594650
594871
594874
595163
595248
595313
595315
595531
595532
595587
595645
595975
596140
596149
596248
596279
596386
596475
596548
596691
596776
596927
596972
597012
597088
597145
597230
597493
597505
597882
597900
597904
597987
598205
598255
598523
598711
598769
599025
599221
599236
599259
599341
599495
599661
599917
600110
600208
600410
600554
600585
600598
600714
600803
600879
600979
601113
601184
601219
601239
601302
601336
601577
601710
601721
601747
601797
601834
601948
602059
602087
602100
602182
602354
602599
602610
602670
602798
602863
603051
603055
603261
603322
603432
603487
603619
603662
603688
603724
603728
603734
603895
603941
604009
604076
604081
604154
604170
604254
604259
604333
604518
604730
604741
604775
604783
605059
605088
605094
605121
605329
605516
605682
605685
605727
605756
605883
605987
605998
606141
606154
606239
606405
606686
606960
607181
607257
608053
608118
608125
608172
608242
608342
608615
608666
608846
609162
609200
609296
609353
609656
609687
609725
609751
609756
609839
610014
610090
610255
610282
610470
610522
610623
610743
610829
611060
611073
611192
611407
611409
611528
611669
611778
611789
611815
611883
611999
612333
612483
612677
612776
612991
613063
613135
613178
613239
613293
613360
613476
613485
613495
613634
613671
613799
614008
614082
614139
614319
614432
614436
614459
614504
614507
614508
614589
614660
614713
614835
614989
614999
615020
615026
615042
615055
615350
615364
615367
615375
615379
615408
615475
615546
615657
615922
615949
616133
616251
616302
616365
616378
616614
616726
616957
616969
617036
617092
617280
617322
617411
617502
617545
617721
618066
618181
618198
618221
618244
618277
618328
618398
618468
618503
618920
618928
618988
619235
619247
619339
619481
619505
619705
619716
619785
619801
619925
620049
620050
620186
620321
620345
620428
620574
620652
620690
620742
620830
620955
621139
621262
621512
621525
621600
621639
621802
621833
622049
622249
622351
622540
622542
622606
622657
622815
623314
623413
623440
623501
623674
623774
623911
623936
623955
624066
624145
624162
624192
624291
624411
624427
624541
624546
624680
624746
624773
624774
624875
624905
625070
625132
625230
625250
625269
625365
625391
625394
625468
625537
625650
625806
625814
625953
626004
626114
626115
626172
626258
626346
626348
626582
626637
626758
626839
627052
627070
627170
627222
627304
627324
627373
627558
627693
627700
627711
627743
627964
628018
628145
628195
628211
628328
628378
628437
628447
628505
628692
628742
628811
628855
628882
629010
629021
629077
629123
629202
629240
629243
629246
629319
629391
629503
629603
629778
630080
630268
630412
630426
630620
630691
630781
630869
631005
631133
631158
631407
631523
631771
631902
632183
632297
632299
632328
632397
632413
632497
632601
632696
633192
633223
633427
633439
633576
633724
633778
633809
633870
634064
634102
634372
634424
634447
634492
634537
634592
634686
634774
634852
634955
635233
635248
635263
635399
635458
635515
635686
635837
635970
636213
636300
636315
636339
636461
636513
636528
636546
636651
636875
636908
637101
637103
637362
637416
637504
637652
637900
637959
637964
637984
638139
638327
638607
638665
638676
638692
638750
639011
639091
639313
639423
639451
639484
639513
639816
639861
639886
639935
640088
640104
640115
640251
640324
640383
640434
640477
640480
640494
640558
640564
641040
641081
641300
641367
641386
641416
641930
642226
642332
642338
642483
642562
642669
642962
643055
643264
643372
643527
643727
643821
643878
643998
644215
644384
644470
644604
644648
644664
644666
644852
644929
645090
645124
645177
645186
645216
645469
645793
645794
645830
645885
645951
645962
646192
646199
646277
646278
646337
646534
646610
646724
646728
646938
647000
647112
647175
647245
647246
647268
647350
647433
647471
647611
647617
647620
647641
647706
647763
647790
647812
647863
647994
648109
648113
648123
648205
648343
648492
648566
648705
648772
648794
648837
648891
649096
649202
649308
649356
649389
649457
649535
649548
649627
649760
649836
649937
649968
650034
650115
650297
650532
650540
650579
650589
650984
651013
651067
651191
651295
651399
651427
651553
651554
651665
651694
651706
651763
651951
651967
652086
652125
652173
652409
652470
652616
652871
652917
652928
653347
653362
653418
653468
653537
653582
653724
653834
653936
654262
654529
654555
654602
654684
654712
654731
654759
654762
654945
655035
655426
655586
655613
655752
655761
655852
655875
655920
655984
655994
656147
656231
656450
656455
656821
656830
656831
656858
656872
656982
656983
657064
657148
657216
657363
657455
657476
657634
657679
657683
657875
657954
658165
658223
658435
658598
658606
658826
658993
659043
659160
659196
659326
659330
659509
659581
659680
659691
659994
660040
660055
660122
660337
660449
660542
660825
660908
660955
661055
661263
661499
661545
661652
662036
662211
662217
662355
662381
662418
662517
662911
663587
663590
663611
663640
663751
663753
664084
664252
664292
664353
664467
664543
664742
665156
665528
665550
665598
665618
665661
665743
665864
665897
665996
665997
666025
666980
666981
667176
667218
667313
667328
667577
667854
668158
668177
668465
668573
668781
668850
668899
668976
669007
669036
669307
669438
669506
669610
669659
669731
669753
669764
669781
669803
670060
670153
670173
670496
670541
670552
670735
670888
670968
670975
671195
671219
671243
671261
671341
671379
671390
671481
671712
671906
671965
672036
672083
672196
672208
672244
672296
672347
672444
672454
672466
672528
672687
672704
672887
672932
673120
673199
673203
673263
673454
673576
673667
673812
673833
673938
674005
674088
674243
674326
674475
674598
674626
674694
674695
674857
674858
674868
674945
674964
674993
675051
675090
675151
675255
675407
675444
675576
675581
675584
675682
675849
676089
676110
676174
676319
676448
676477
676681
676705
676796
676933
677022
677069
677491
677540
677605
677670
677816
677932
678038
678083
678106
678147
678247
678320
678337
678379
678419
678803
678881
679076
679237
679441
679484
679665
679679
679810
679842
679891
680049
680156
680403
680529
680556
680721
680855
681044
681046
681083
681301
681323
681397
681637
681662
681667
681695
681795
681797
681879
681941
681950
682046
682188
682348
682483
682554
682596
682722
682724
682729
682732
682800
682840
682902
682919
682995
683043
683047
683101
683212
683351
683475
683526
683582
683866
684017
684192
684199
684221
684305
684398
684413
684533
684710
684837
685157
685186
685298
685301
685377
685595
685611
685817
685827
685934
685939
686134
686136
686284
686324
686325
686386
686389
686492
686621
686668
686749
686836
686855
686916
687317
687456
687481
687582
687948
687969
688057
688079
688084
688287
688345
688419
688461
688475
688510
688535
688580
688620
688781
688959
688998
689097
689214
689306
689586
689637
689644
689971
690032
690217
690222
690228
690258
690283
690301
690314
690315
690466
690551
690592
690701
690901
690928
690950
691068
691182
691230
691304
691361
691377
691515
691729
691812
691935
692013
692045
692068
692074
692162
692185
692263
692358
692367
692478
692505
692507
692555
692950
692974
692981
693123
693388
693444
693512
693531
693706
693997
694017
694035
694041
694471
694537
694539
694590
694822
694850
695168
695176
695197
695318
695415
695470
695472
695882
696050
696156
696434
696447
696734
696829
696831
696961
697059
697196
697363
697402
697520
697544
697891
698008
698181
698326
698335
698397
698555
698704
698875
698902
699048
699114
699125
699307
699365
699420
699444
699562
699930
700017
700064
700077
700197
700271
700361
700461
700479
700612
700640
700722
700935
701376
701404
701450
701512
701524
701527
701699
701708
701907
701923
702162
702191
702316
702529
702882
702918
703246
703343
703436
703461
703488
703502
703511
703607
703613
703618
703711
703789
703799
703915
704341
704359
704405
704752
704801
704944
705330
705372
705547
705557
705769
705836
705943
705964
706138
706213
706283
706363
706427
706568
706650
706740
706810
707187
707228
707328
707548
707593
707762
707786
707858
707909
707962
707981
708005
708051
708270
708465
708730
708734
708763
708764
708784
708924
708991
708995
709092
709150
709182
709189
709307
709690
709722
709769
709939
710255
710357
710400
710474
710733
710834
711017
711108
711453
711564
711594
711666
711752
711763
711868
711936
711954
712087
712360
712593
712734
712750
712800
712938
713032
713066
713074
713152
713479
713579
713605
713991
714080
714148
714285
714332
714623
714739
714845
715066
715133
715142
715250
715365
715427
715476
715531
715679
715795
715868
715891
716059
716155
716231
716404
716637
716645
716778
716839
717233
717365
717389
717395
717458
717461
717557
717636
717648
717688
717690
717790
717962
718055
718083
718169
718323
718400
718405
718777
718867
718940
718963
719012
719223
719263
719286
719350
719453
719461
719498
719547
719627
719663
719697
719703
719918
719926
720011
720074
720097
720341
720507
720598
720688
720694
720962
721029
721050
721337
721930
721947
722036
722288
722371
722408
722609
722786
723226
723334
723541
723545
723556
723593
723608
723657
723963
724009
724011
724065
724113
724329
724362
724389
724420
724630
724689
724735
724790
724868
724910
724918
724920
725085
725087
725088
725113
725272
725291
725348
725361
725393
725407
725529
725736
725738
725994
726086
726088
726126
726286
726316
726337
726508
726661
726757
726854
726886
726941
726990
727078
727146
727214
727326
727386
727446
727481
727532
727543
727661
727682
727788
727791
727805
728007
728393
728547
728574
728802
728807
728895
729061
729146
729185
729241
729258
729408
729498
729589
729623
729695
729711
730067
730088
730089
730193
730494
730580
730632
730813
730851
730973
730986
731145
731210
731302
731314
731318
731340
731414
731418
731740
731753
731880
732049
732072
732128
732219
732291
732309
732508
732713
732716
732720
732811
732816
733010
733106
733170
733179
733228
733284
733292
733414
733425
733666
733721
733791
733846
733852
733886
734104
734172
734225
734296
734317
734318
734331
734344
734686
734744
734778
735000
735018
735236
735393
735451
735485
735533
735545
735620
735626
735636
735806
735877
735889
735936
736042
736186
736297
736343
736549
736940
737090
737102
737209
737211
737266
737574
737641
737689
737734
737884
737933
738073
738149
738262
738385
738615
738627
738642
738645
738690
738710
738726
739084
739101
739146
739275
739343
739479
739579
739595
739710
739716
739775
739927
740034
740076
740089
740198
740283
740506
740531
740556
740625
740698
740716
740829
740849
741061
741146
741218
741353
741377
741447
741481
741528
741683
741727
741762
741941
741971
742115
742130
742141
742220
742238
742369
742473
742478
742551
742616
742619
742659
742691
743003
743162
743182
743190
743480
743588
743636
743661
743789
743976
743977
744023
744265
745061
745216
745305
745656
745669
745852
745944
745967
746007
746188
746193
746254
746267
746319
746408
746458
746468
746590
746617
746812
746819
746925
747009
747020
747162
747275
747281
747331
747416
747462
747479
747525
747650
747685
747688
747761
747808
747850
747963
747975
748054
748111
748235
748337
748532
748543
748833
748862
748921
748944
748970
749248
749311
749332
749370
749430
749431
749568
750022
750065
750209
750218
750318
750351
750632
750739
750941
751172
751179
751709
751764
751768
751796
751834
751869
751895
752020
752198
752234
752339
752477
752722
752906
753018
753191
753323
753355
753424
753432
753543
753632
753815
753825
753989
754109
754228
754281
754333
754336
754383
754598
754758
754768
754937
754951
754960
754962
755027
755130
755178
755257
755523
755562
755928
755933
756007
756104
756566
756712
756801
757013
757127
757201
757312
757370
757396
757551
757682
757735
757803
757829
757977
758088
758107
758308
758343
758363
758469
758673
758695
758732
758801
758969
759017
759084
759616
759951
759972
760113
760187
760221
760280
760299
760472
760501
760698
760756
760929
761054
761294
761303
761322
761525
761579
761582
761694
761847
761848
761983
762021
762023
762050
762085
762246
762394
762408
762484
762733
762847
762936
763036
763114
763191
763301
763357
763583
763651
763656
763796
763869
763936
764113
764238
764369
764401
764465
764530
764624
764776
764801
764816
764925
764984
765026
765031
765198
765371
765542
765648
765671
765704
766040
766167
766280
766432
766482
766522
766595
766711
766746
766809
767026
767295
767524
767618
767621
767893
767921
768083
768330
768768
768800
769025
769070
769442
769480
769614
769683
769713
769826
769832
769967
769969
770078
770143
770209
770376
770410
770450
770488
770593
770606
770709
770794
770808
770932
770961
771219
771353
771389
771556
771754
771802
771969
772015
772028
772089
772250
772330
772413
772416
772516
772658
772665
772858
773160
773166
773212
773225
773352
773433
773464
773483
773548
773750
773943
774146
774511
774729
774875
775009
775082
775101
775223
775359
775560
775567
775572
775608
776061
776131
776225
776317
776340
776538
776586
776675
777113
777135
777192
777340
777524
777572
777594
777636
777723
777799
777825
777894
777904
778132
778187
778280
778418
778475
778478
778656
778668
778674
778694
778896
779056
779068
779094
779177
779430
779679
779932
780136
780165
780200
780221
780367
780424
780432
780492
780506
780543
780575
780799
780818
780878
780930
780965
780972
781094
781110
781257
781359
781394
781473
781501
781588
781704
781730
781772
781782
781805
781854
781876
781943
781974
782191
782616
782643
782652
782665
782807
782838
782934
782946
783127
783194
783279
783314
783591
783629
783744
783964
784021
784231
784368
784494
784601
784829
784878
784931
784962
785066
785188
785273
785348
785434
785469
785557
785571
785598
785643
785885
785895
785937
785984
786072
786106
786163
786410
786425
786528
786554
786572
786776
786853
786863
786873
786909
786950
787107
787121
787166
787176
787260
787530
787559
787854
787855
787935
787990
788155
788222
788271
788313
788371
788749
788898
788972
789018
789060
789074
789144
789148
789206
789421
789557
789591
789629
789808
789912
789914
789954
789990
790116
790210
790249
790327
790627
790852
791040
791085
791134
791380
791747
791776
791796
791847
791885
791976
792055
792081
792195
792285
792502
792535
792694
792799
793145
793636
793641
793653
793846
793898
793942
794241
794310
794384
794403
794472
794623
794637
794870
795080
795090
795243
795280
795293
795476
795575
795762
795787
795813
795911
795954
796171
796257
796276
796409
796470
796545
796813
796822
797051
797237
797260
797449
797512
797593
797713
797745
797754
797888
797921
798202
798297
798446
798577
798881
798906
798920
798988
799006
799120
799122
799171
799176
799232
799251
799264
799398
799420
799567
799686
799828
799844
799878
799917
799938
800042
800056
800418
800491
800506
800511
800598
800624
800626
800697
800705
800710
800742
800748
800812
800844
800896
800904
800905
800941
801016
801166
801182
801290
801319
801424
801561
801591
801622
801672
801861
802328
802470
802518
802817
803126
803517
803856
803912
803925
804159
804235
804542
804593
804670
805045
805072
805144
805164
805291
805610
806091
806221
806389
806527
806564
806635
806676
806960
807049
807204
807307
807465
807525
807570
807581
807794
807840
807898
808030
808061
808071
808158
808262
808283
808299
808362
808458
808493
808774
808859
808868
808932
808937
808980
809098
809260
809313
809410
809433
809536
809538
809595
809743
809896
809926
810050
810086
810177
810269
810291
810564
810617
810645
810649
810663
811031
811104
811366
811496
811501
811535
811631
811848
811915
811932
812611
812763
812768
812820
812870
812902
813001
813033
813036
813080
813193
813237
813285
813509
813511
813558
813617
813683
813686
813787
813791
814137
814174
814208
814325
814569
814658
814697
814785
814797
815005
815190
815211
815471
815604
815646
815741
815792
815830
815837
815954
815958
815987
816210
816300
816380
816475
816503
816529
816671
816716
816773
816954
816957
816993
817051
817058
817195
817292
817498
817586
817828
818038
818097
818118
818271
818473
818487
818500
818662
818793
818966
819123
819376
819390
819572
819910
819973
819974
820142
820235
820266
820270
820287
820372
820521
820610
820676
820710
820714
820876
820888
820947
821006
821050
821178
821212
821301
821311
821412
821418
821468
821479
821623
821640
821646
821691
821741
821776
821814
821848
821933
822135
822143
822152
822165
822331
822546
822564
822641
822833
822935
822949
822992
823058
823088
823298
823418
823461
823502
823523
823851
824033
824186
824285
824506
824636
824768
825252
825647
825831
825942
826016
826127
826196
826704
826747
826838
826891
827203
827292
827383
827728
827952
828013
828132
828133
828149
828406
828413
828446
828600
828688
828810
828893
829018
829157
829194
829284
829511
829580
829601
829946
829956
829980
830078
830110
830278
830490
830502
830552
830575
830583
830763
831121
831191
831260
831507
831585
831655
831708
832003
832103
832157
832193
832480
832525
832701
832737
832850
833030
833187
833358
833373
833556
833578
833661
833670
833765
834175
834251
834284
834286
834353
834364
834371
834404
834514
834644
834800
834899
835039
835188
835212
835592
835661
835756
836038
836086
836186
836253
836254
836436
836468
836679
836763
836915
836981
837005
837080
837085
837247
837253
837452
837535
837726
837806
837923
838146
838343
838361
838437
838511
838631
838713
838766
838808
839015
839076
839252
839254
839851
839879
839937
840276
840305
840417
840463
840532
840578
840607
840772
840806
840969
840983
841227
841276
841462
841466
841530
841595
841629
841679
841806
841884
841940
841957
841973
841988
842054
842434
842577
842635
842720
842814
842868
842917
842954
842979
843323
843360
843439
843724
843819
844011
844068
844165
844173
844206
844311
844334
844341
844416
844626
844833
844889
844974
845594
845640
845708
845785
845842
846027
846064
846223
846274
846343
846359
846377
846389
846411
846649
846651
846949
847068
847084
847085
847101
847246
847303
847334
847400
847505
847537
847895
847921
847946
848013
848019
848106
848638
848640
848962
849360
849474
849565
849865
849867
849886
850148
850292
850403
850466
850595
850664
850737
850762
850867
850968
851023
851041
851106
851200
851339
851358
851415
851445
851625
851737
851739
851765
851848
852171
852175
852228
852262
852371
852395
852447
852563
852586
852671
852694
852740
852870
852909
852916
853095
853257
853305
853336
853424
853662
854201
854436
854447
854452
854485
854602
854626
854795
854825
854845
854868
854978
855007
855122
855134
855193
855242
855377
855486
855515
855695
855703
855721
855787
855810
855826
855883
855917
856014
856089
856494
856502
856616
856732
856910
857149
857210
857506
857566
857579
857583
857723
857729
857951
857971
858489
858519
858545
858621
858640
858823
858912
858942
858946
858972
859025
859062
859258
859294
859342
859526
859555
859563
859585
859646
859654
859715
859732
859736
859819
859901
859904
859952
859971
860352
860389
860437
860448
860457
860633
860673
860730
860746
860909
861089
861158
861255
861277
861469
861531
861800
862155
862282
862323
862371
862422
862438
862468
862554
862572
862673
862833
862987
862994
863260
863340
863492
863608
863701
863708
863741
863905
863979
864160
864251
864309
864497
864554
864858
864919
864992
865077
865294
865344
865405
865406
865433
865458
865501
865529
865563
865644
865958
866269
866460
866541
866707
866793
866812
866853
866880
867010
867042
867067
867132
867356
867378
867419
867536
867810
867823
868175
868365
868387
868589
868669
868690
868782
868785
868939
869069
869092
869172
869188
869243
869294
869473
869580
869856
870038
870145
870257
870332
870471
870531
870645
871071
871146
871181
871202
871204
871252
871258
871438
871587
871633
871846
871957
872047
872158
872222
872497
872554
872654
872794
872866
872962
872989
873204
873300
873501
873508
873674
873758
873797
873855
874312
874321
874376
874383
874403
874576
874656
874719
874874
874952
875187
875293
875320
875528
875648
875953
876188
876228
876265
876276
876316
876486
876557
876705
876771
876818
876870
876873
876929
877006
877052
877337
877504
877675
877689
877771
877808
877857
877914
877929
877988
878032
878110
878230
878333
878532
878639
878656
878748
878852
878945
878996
879046
879078
879089
879095
879104
879157
879185
879193
879293
879627
879698
879957
880122
880214
880433
880648
881013
881016
881048
881280
881298
881396
881465
881540
881601
882249
882274
882289
882376
882433
882588
882596
882772
882895
882946
883049
883137
883207
883557
883588
883908
883931
884466
884480
884501
884551
884794
884819
884898
884994
885068
885163
885167
885169
885352
885367
885369
885439
885620
885724
885776
885946
885949
885991
886041
886110
886173
886263
886320
886433
886447
886623
886649
886713
886838
886914
886930
887010
887063
887066
887313
887351
887412
887428
887526
887603
887960
887967
887977
888022
888067
888233
888265
888347
888463
888560
888627
888635
888673
888680
888766
889029
889138
889174
889337
889554
889588
889612
889728
889780
889852
889867
890066
890212
890218
890347
890692
890762
891074
891153
891212
891300
891335
891785
891796
891816
891842
891949
891952
892152
892229
892337
892478
892523
892691
892744
892825
893046
893060
893104
893168
893789
893836
894067
894169
894185
894337
894427
894464
894499
894639
894757
894765
894875
894897
894917
895425
895491
895563
895628
895634
895822
896050
896143
896248
896409
896503
896559
896574
896655
896979
897028
897045
897064
897099
897186
897439
897489
897543
897882
897885
897963
898191
898309
898422
898457
898461
898508
898586
898675
898748
898825
898842
898941
899124
899212
899395
899439
899444
899580
899876
899889
899985
900127
900301
900333
900588
900725
900760
900800
900971
901103
901130
901246
901349
901381
901486
901516
901599
901641
901688
902043
902155
902210
902247
902332
902373
902438
902672
902717
902801
902937
902959
903183
903282
903364
903388
903627
903679
903693
903740
903763
903909
903929
904172
904313
904595
904633
904746
904941
904960
905042
905236
905354
905832
906048
906151
906158
906198
906311
906588
906740
906741
906869
906893
906941
906942
906991
907102
907369
907458
907481
907519
907534
907542
907694
907778
907825
907927
907938
908183
908240
908278
908313
908399
908730
908825
908870
908883
908990
909080
909162
909169
909294
909438
909508
909532
909625
909738
909790
909845
909868
909891
910238
910272
910314
910329
910385
910554
910694
910741
910805
910824
910858
910867
910907
911006
911159
911215
911496
911583
911806
911843
912042
912047
912055
912150
912312
912427
912815
912821
912858
912874
913007
913113
913125
913428
913438
913449
913480
913513
913555
913898
914142
914149
914191
914262
914399
914706
914834
914867
915235
915348
915385
915554
915643
915679
915743
915756
915983
915999
916061
916073
916145
916184
916249
916270
916318
916373
916440
916693
916706
916775
916818
917154
917266
917285
917336
917370
917400
917415
917440
917448
917638
917782
918065
918142
918203
918205
918239
918285
918306
918307
918486
918611
918844
918893
919048
919067
919098
919365
919420
919458
919608
919686
919698
919750
919862
919863
919866
919954
920070
920310
920332
920358
920690
920692
920698
920801
920855
920911
920930
921104
921108
921181
921293
921303
921589
921632
921729
921818
921988
921989
922157
922175
922302
922318
922455
922500
922653
922682
922867
923085
923161
923269
923304
923330
923390
923405
923579
923812
923979
923982
924266
924388
924538
924746
924750
924806
925088
925152
925210
925631
925864
925899
925982
926006
926153
926168
926198
926234
926238
926516
926739
926922
926941
927098
927495
927510
927602
927650
927883
927948
928180
928266
928371
928466
928501
928721
928814
928922
928969
929081
929136
929179
929341
929402
929403
929424
929600
929609
929871
929892
929999
930232
930443
930502
930518
930616
930627
930662
930916
930935
931027
931152
931367
931370
931727
932020
932055
932100
932159
932172
932258
932333
932342
932399
932412
932601
932603
932615
932641
932670
932780
933100
933191
933281
933310
933539
933546
933599
933612
933629
933717
933771
933845
933878
933924
933974
934085
934090
934097
934245
934489
934577
934733
934769
934847
935092
935261
935354
935363
935449
935568
935620
935732
935813
935897
936098
936161
936264
936312
936409
936446
936525
936560
936587
936720
936784
936895
937312
937654
937703
937710
937741
937830
937880
937906
937953
938020
938163
938328
938410
938442
938608
938748
938820
938875
938910
938990
938992
939193
939408
939513
939713
939806
939943
940220
940243
940321
940405
940474
940566
940578
940605
940900
941086
941158
941263
941314
941384
941420
941493
941536
941639
941661
941702
941821
941963
941995
942079
942259
942286
942517
942534
942672
942699
942709
942932
942960
943144
943166
943218
943246
943336
943409
943573
943578
943768
943776
943976
944056
944215
944232
944271
944412
944528
944710
944776
944827
944894
945015
945016
945043
945336
945358
945443
945544
945596
945629
945841
945848
946279
946727
946788
946815
946957
946959
946987
947527
947626
947647
947781
948045
948287
948724
948853
948955
949181
949193
949204
949219
949265
949306
949379
949484
949498
949672
949738
949752
949936
950024
950085
950201
950386
950411
950565
950698
950776
950970
950978
951307
951348
951395
951423
951460
951496
951521
951567
951586
951719
951914
951976
952034
952058
952300
952791
952874
953035
953067
953211
953269
953382
953494
953558
953637
953884
953949
953977
954247
954259
954273
954281
954690
955122
955228
955293
955330
955382
955406
955459
955614
955667
955734
955820
955913
955998
956134
956159
956218
956313
956326
956380
956632
956732
956832
956876
957170
957334
957383
957431
957468
957576
957587
957620
957783
957805
957870
957917
958024
958160
958443
958480
958559
958565
958614
958616
958653
958726
958748
958761
958800
958838
958902
958954
958965
958973
959302
959546
959645
959869
959943
959981
960130
960388
960423
960520
960597
960598
960653
960724
960762
960787
960838
960870
960987
961043
961106
961119
961178
961219
961263
961377
961401
961530
961553
961757
961827
961979
962015
962367
962400
962560
962617
962833
963026
963270
963349
963366
963374
963401
963410
963458
963514
963579
963640
963692
963815
963912
963960
964112
964157
964351
964444
964471
964792
964817
964947
965029
965120
965181
965332
965341
965471
965737
965825
965842
965855
966002
966089
966121
966130
966174
966218
966270
966273
966281
966327
966448
966476
966643
966682
966779
966890
967039
967111
967126
967390
967395
967531
967562
967841
967929
967952
968081
968154
968156
968170
968273
968303
968383
968421
968424
968512
968604
968641
968753
968805
969166
969190
969203
969238
969456
969485
969524
969577
969919
969939
969954
969970
969981
970829
970847
970848
970889
970904
970960
971182
971326
971483
971538
971662
971790
971921
971938
971963
972067
972327
972387
972469
972557
972639
972665
972713
972859
972891
972918
973063
973266
973277
973533
973625
973630
973672
973783
973963
974025
974068
974090
974336
974423
974529
974545
974553
974711
974901
974956
975177
975313
975602
975646
975671
975727
975746
975847
976223
976283
976510
976514
976622
976683
976743
976885
976889
976926
977086
977151
977250
977254
977333
977421
977477
977625
977813
977853
978005
978181
978184
978243
978372
978648
978918
978967
979022
979073
979269
979281
979351
979419
979423
979497
979565
979773
979846
979888
979923
979945
979969
979975
980150
980188
980220
980308
980360
980578
980721
980795
980920
981017
981280
981365
981440
981518
981651
981762
981988
982142
982219
982309
982409
982505
982712
982754
982920
982928
983019
983163
983308
983539
983544
983575
983670
983701
983756
983822
983840
984194
984281
984437
984591
984737
984818
985190
985210
985556
985572
985705
985770
985803
985942
986141
986195
986228
986234
986325
986368
986433
986517
986603
986683
986689
986984
987151
987157
987320
987434
987544
987597
987712
987719
987737
987770
988007
988067
988096
988168
988255
988322
988358
988377
988543
988561
988754
988771
988820
988908
989063
989105
989346
989349
989407
989455
989510
989640
989713
989778
989922
989926
990131
990162
990221
990282
990385
990430
990578
990588
990627
990691
990771
990892
990942
990958
990966
991387
991391
991719
991810
991841
991920
991946
992063
992153
992195
992325
992351
992410
992426
992535
992833
992916
992926
992944
992971
993018
993097
993099
993145
993271
993272
993338
993346
993396
993540
993556
993564
993593
993994
994131
994148
994192
994251
994270
994309
994496
994517
994521
994598
994650
994852
994926
994957
995122
995243
995385
995500
995628
995636
995721
995744
995791
995913
996044
996093
996129
996265
996433
996453
996469
996728
996806
996810
996817
996864
996944
997264
997267
997327
997382
997468
997482
997584
997653
997669
997759
997980
998052
998138
998228
998288
998315
998452
998633
998664
998825
998859
998892
999003
999032
999155
999167
999187
999205
999240
999300
999340
999407
999441
999443
999628
999643
999757
999810
999936
